name: menpo3
channels:
  - conda-forge
  - roliveira
  - defaults
dependencies:
  - bzip2=1.0.8=h01d97ff_1
  - ca-certificates=2019.9.11=hecc5488_0
  - certifi=2019.6.16=py36_1
  - cycler=0.10.0=py_1
  - cyvlfeat=0.5.1=py36hfd89561_0
  - dlib=19.18=py36h0739ad7_0
  - ffmpeg=4.2=h5c2b479_0
  - freetype=2.10.0=h24853df_1
  - gettext=0.19.8.1=h46ab8bc_1002
  - gmp=6.1.2=h0a44026_1000
  - gnutls=3.6.5=h53004b3_1002
  - jpeg=9c=h1de35cc_1001
  - kiwisolver=1.1.0=py36h770b8ee_0
  - lame=3.100=h1de35cc_1001
  - libblas=3.8.0=14_openblas
  - libcblas=3.8.0=14_openblas
  - libcxx=4.0.1=hcfea43d_1
  - libcxxabi=4.0.1=hcfea43d_1
  - libedit=3.1.20181209=hb402a30_0
  - libffi=3.2.1=h475c297_4
  - libgfortran=4.0.0=2
  - libiconv=1.15=h01d97ff_1005
  - liblapack=3.8.0=14_openblas
  - libopenblas=0.3.7=h4bb4525_2
  - libpng=1.6.37=h2573ce8_0
  - libtiff=4.0.10=hd08fb8f_1003
  - llvm-openmp=9.0.0=h40edb58_0
  - lz4-c=1.8.3=h6de7cb9_1001
  - matplotlib=3.1.1=py36_1
  - matplotlib-base=3.1.1=py36h3a684a6_1
  - menpo=0.9.2=py36haf112f3_0
  - ncurses=6.1=h0a44026_1
  - nettle=3.4.1=h3efe00b_1002
  - numpy=1.17.2=py36h6b0580a_0
  - olefile=0.46=py_0
  - openh264=1.8.0=hd9629dc_1000
  - openssl=1.1.1c=h01d97ff_0
  - pillow=5.3.0=py36hbddbef0_1000
  - pip=19.2.3=py36_0
  - pyparsing=2.4.2=py_0
  - python=3.6.9=h359304d_0
  - python-dateutil=2.8.0=py_0
  - readline=7.0=h1de35cc_5
  - scipy=1.3.1=py36h7e0e109_2
  - setuptools=41.4.0=py36_0
  - six=1.12.0=py36_1000
  - sqlite=3.30.0=ha441bb4_0
  - tk=8.6.8=ha441bb4_0
  - tornado=6.0.3=py36h01d97ff_0
  - vlfeat=0.9.20=h1de35cc_1002
  - wheel=0.33.6=py36_0
  - x264=1!152.20180806=h1de35cc_0
  - xz=5.2.4=h1de35cc_4
  - zlib=1.2.11=h1de35cc_3
  - zstd=1.4.0=ha9f0a20_0
  - pip:
    - joblib==0.14.0
    - menpodetect==0.6.1
    - menpofit==0.6.1
    - opencv-python==4.1.1.26
    - pandas==0.25.2
    - pytz==2019.3
    - scikit-learn==0.21.3
    - tqdm==4.36.1
prefix: /Users/colinrawlings/anaconda3/envs/menpo3

